002292
000733
002465
300729
301171
300638
603986
002386
002380
603236
688507
688582
603662
002897
300793
688012
603728
300913
300308
603893
603200
300662
300458
300502
689009
688777
601137
300515
688165
300007
300757
688111
301598
000988
603341
300442
300718
002281
002130
688099
300563
301128
300580
301252
300866
603007
688799
002979
688981
603915
688017
002851
688160
002991
002351
600406
002270
002947
002262
002032
002428
601933
002920
688617
300595
300015
688050
000651
000568
000567
000063
002959
600570
688484
001827
301061
002444
603600
300360
002001
688278
300857
300457
002533
300760
002371
603713
002837
002241
300811
688676
301280
688019
301172
603606
603565
300124
600660
002555
688008
002463
300852
300896
600309
300059
603605
000333
601012
600873
603529
605111
002884
603195
600887
000538
300750
601838
600519
600036
601318
000002
600048
000858
000005
